array([[[ 815.05005, 1377.5651 , 1408.0011 , ..., 1394.4465 ,
         1466.6588 , 1492.7273 ],
        [ 922.71124, 1553.101  , 1580.9801 , ..., 1538.2697 ,
         1625.3202 , 1662.8254 ],
        [ 932.9635 , 1572.0374 , 1600.8083 , ..., 1518.9526 ,
         1609.5762 , 1655.2002 ],
        ...,
        [ 891.6579 , 1486.4575 , 1507.8341 , ..., 1381.4982 ,
         1558.6022 , 1708.2926 ],
        [ 886.4688 , 1480.8164 , 1500.7437 , ..., 1394.473  ,
         1575.1932 , 1720.0256 ],
        [ 878.61273, 1470.337  , 1492.6312 , ..., 1388.5989 ,
         1573.5981 , 1717.5659 ]],

       [[ 540.5054 , 1065.7931 , 1089.229  , ..., 1078.7809 ,
         1135.717  , 1156.6519 ],
        [ 914.9128 , 2319.848  , 2369.041  , ..., 2304.531  ,
         2437.7246 , 2505.8894 ],
        [ 927.38336, 2352.5935 , 2399.3867 , ..., 2283.342  ,
         2418.997  , 2498.731  ],
        ...,
        [ 887.5279 , 2248.5237 , 2276.1428 , ..., 2011.5522 ,
         2317.224  , 2526.501  ],
        [ 882.7466 , 2232.82   , 2263.3337 , ..., 2036.665  ,
         2347.6458 , 2556.7048 ],
        [ 873.8987 , 2218.6855 , 2246.4426 , ..., 2030.6517 ,
         2346.2092 , 2554.3938 ]],

       [[ 903.5023 , 1727.011  , 1764.7938 , ..., 1743.3776 ,
         1834.2388 , 1870.6604 ],
        [1939.2523 , 3883.706  , 3962.595  , ..., 3871.6504 ,
         4083.3577 , 4183.187  ],
        [1965.8661 , 3935.277  , 4009.1995 , ..., 3832.9988 ,
         4052.4421 , 4172.68   ],
        ...,
        [1889.4506 , 3760.55   , 3805.8994 , ..., 3419.8281 ,
         3890.4888 , 4256.0923 ],
        [1878.2444 , 3731.9304 , 3781.5193 , ..., 3459.5598 ,
         3936.9612 , 4298.9546 ],
        [1862.9388 , 3710.6038 , 3761.0854 , ..., 3458.2188 ,
         3945.6365 , 4303.912  ]],

       ...,

       [[ 461.71274,  780.3871 ,  796.7962 , ...,  789.7847 ,
          827.2548 ,  843.07007],
        [ 432.5958 ,  525.5826 ,  535.164  , ...,  522.84045,
          548.9102 ,  557.5086 ],
        [ 437.2785 ,  533.8775 ,  542.01056, ...,  516.9422 ,
          544.56006,  555.2917 ],
        ...,
        [ 417.7945 ,  499.47675,  504.6985 , ...,  484.03168,
          540.9693 ,  588.0145 ],
        [ 414.91702,  498.48303,  504.42767, ...,  488.71085,
          546.2885 ,  590.945  ],
        [ 411.87387,  494.92303,  502.11383, ...,  485.4439 ,
          543.1933 ,  587.66846]],

       [[   0.     ,    0.     ,    0.     , ...,    0.     ,
            0.     ,    0.     ],
        [   0.     ,    0.     ,    0.     , ...,    0.     ,
            0.     ,    0.     ],
        [   0.     ,    0.     ,    0.     , ...,    0.     ,
            0.     ,    0.     ],
        ...,
        [   0.     ,    0.     ,    0.     , ...,    0.     ,
            0.     ,    0.     ],
        [   0.     ,    0.     ,    0.     , ...,    0.     ,
            0.     ,    0.     ],
        [   0.     ,    0.     ,    0.     , ...,    0.     ,
            0.     ,    0.     ]],

       [[ 683.2375 , 1233.7036 , 1259.643  , ..., 1244.737  ,
         1309.9008 , 1334.509  ],
        [1724.4673 , 2809.3826 , 2863.622  , ..., 2813.3862 ,
         2958.583  , 3018.5137 ],
        [1748.2694 , 2844.8767 , 2900.4487 , ..., 2785.9224 ,
         2937.9304 , 3012.9768 ],
        ...,
        [1683.8267 , 2719.1338 , 2752.3835 , ..., 2512.0693 ,
         2825.6755 , 3093.8306 ],
        [1672.21   , 2698.9087 , 2732.8242 , ..., 2542.3982 ,
         2860.6567 , 3124.5386 ],
        [1660.6324 , 2681.489  , 2719.173  , ..., 2542.5618 ,
         2867.7253 , 3127.429  ]]], dtype=float32)